000000000000000000000000000000000 0000000000000000000000000000000000000000000000000000000000000000000000000000000 0000001000000000000000000 00000000000000000000000000000 000000000000000000000000000000 0000000000000000000000010000000 00000000010001 000000000 
000000000000000000000000000000000 0000000000000000000000000000000000000000000000000000000000000000000000000000000 0000000000000000000000000 00000000000000000000000000000 000000000000000000000000000000 0000000000000000000000000000001 00000000000000 000000000 
000000000000000000000100000000000 0000000000000000000000000000000000000000000000000000000000000000000000000000000 0000001000000000000000000 00000000000000000000000000000 000000000001000000000000000000 0000000000000000000000000000000 00000000000000 000000000 
000000000000000000000000000000000 0000000000000000000000000000000000000000000000000000000000000000000000000000000 0001000000000000000000000 00000000000000010000000000000 000000000000000000000000000000 0000000000000000000000000000000 00000000000000 000000000 
000000000000000000000000000000000 0000000000000000000000000000000000000000000000000000000000000000000000000000000 0000000000000000100000000 00000000000000000000000000000 000000000000000000000000000000 0000000000000000000000000000000 00000000000001 000000000 
000000010000000000000000000000000 0000000000000000000000000000000001000000000000000000000010000000000000000000000 0000000000000000000000000 00000000000000000000000000000 000000000000000000000000000000 0000000000000000000000000000000 10000010000010 000000000 
000000000000000000100100000000000 0000000000000000000000000000000000000000000000000000000000000000000000000000000 0000000000000000000000000 00000000000000000000000000000 000000000000010000000000000000 0000000000000000000000000000000 00000000000000 000000000 
000000000000000000000000000000000 0000000000000000000000000000000000000000000000000000000000000000000000000000000 0000000100000000000000000 00000000000000000000000000000 100000000000000000000000000000 0000000000000000000000000000000 10001000000000 000000000 
000000000010000000000010000000000 0000000000000000000000000000000000000000000000000000000000010000000000000000000 0000000000001000000000000 00000000000000000000000000000 100001000000000000000000000000 0000000000000000000000000000000 00010000010000 000000000 
000000000000000000000000000000000 0000000100000000000000000000000000000000000000000000000000000000000000000000000 0000001000000000000000000 00000000000000000000000000000 000000000000000000000001000000 0000000000000001001000000000000 10001000000010 000000000 
000000000000000000000000000000000 0000000000000000000000000000000000000000000000000000000000000000000000000000000 0000000000000000000010000 00000000000000000000000000000 000000000000000000000000000000 0000000000000000000000000000000 10010000000001 000000000 
000000000000000000000000000000000 0000000000000000000000000000000000000000000000000000000000000000000000000000000 0000010000000000000000000 00000000000000000000000000000 000000000000000000000000000000 0000000000000000000000000000000 00000000000000 000000000 
000010001000000000000000000000000 0000000000000000000000000000000000010000000000000000000000000000000000000000000 0000001000000100000000000 00000000000000000000000000000 100000000000000000000000000000 0000000000000000000000000000000 10000010000000 000000000 
000000000000000000000000000000000 0000000000000000000000000000000000000000000000000000000000000000000000000000000 0000000100000000000000000 00000000000000000000000000000 000000000000000000000000000000 0000000000000000000000000000000 00000000000001 000000000 
000000010000000000000000010000000 0000000000000000000000000000000000000000000000000000000000000000000000000000000 0010000000000000000000000 00000000000000000000000000000 000000000000100000000000000000 0000000000000000000000000000000 00000000000000 000000000 
000000000000000000000000000000000 0000000000000000000000000000000000000000000000000000000000000000000000000000001 0000000000000000000000000 00000000000000000000000000000 000000000000000000000000000000 0000000000000000000000000000000 10000010000001 000000000 
000000000000000000000000000000001 0000000000000000000000000000000000000000000000000000000000000000000000000000000 0000000000000100000000000 00000000000000000000000000000 000000000000000000000000000000 0000000000000000000000000000000 00000000100101 000000000 
000000000100000000000000000000000 0000000000000000000000000000000000000000000000000000000000000000000000000000000 0000000000000000000000000 00000000000000000000000000000 000000000000000000000000000000 0000001000000000000000000000000 00000000000000 000000000 
000010010000000000000010000001000 0000000000000000000000000000000000000000000000000000000000000000000000000000000 0000000000000000000000000 00000000000000000000000000000 000000000000000000000000000000 0000000010000000000000000000000 00100001000001 000000000 
000000000100000000000000000000000 0000000000000000000000000000000000010000000000000000000000000000000000000000000 1000000000000000000000000 00000000000000000000000000000 000000000000000000000000000000 0000000000000000000000000000000 10100000000000 000000000 
000000010000000000000000000000000 0000000000000000000000000000000000000000000000000000000000000000000000000000000 0000000000000000000000000 00000000000000000000000000000 000000000000000000000000000000 0000000000000000000000000000000 00000000000001 000000000 
000000000000000000000000001000000 0000000000000000000000000000000000000000000000000000000000000000000000000000000 0011000000000000000000000 00000000000000000000000000000 000000000000000000000000000000 0000000000000000000000000000000 00000000100000 000000000 
000000000010010000000000000000000 0000000000000000000000000000000000000000000000000000000000000000000000000000000 0000001000000000000000000 10000000000000000000000000000 000000000000000000100001000000 0000000000000000000000000000000 00000000000010 000000000 
000000000000000000000000000000000 0000000000000000000000000000000000000000000000000000000000000000000000000000000 0000000000000001000001000 00000000000000000000000000000 000000000000000000000000000000 0000000000000000000000000000000 10000000000000 000000000 
000000010010000100000000000000000 0000000000000000000000000000000000000000000000000000000001000000000000000000000 1000000000000000100000000 00000000000000000001000000000 000000000000000000000000000000 0000000000000000000000000000000 01000000000010 000000000 
100100000000000001000000000000010 0000000000000000000000000000000000000000000000000000000000000000000000000000000 0010100000000000000000000 00000000000000000000000000000 000010000000000000000000000000 0000000000000000000001000000000 00000100000010 000000000 
000000000100000000100000000000000 0000000000000000000000000000000000000000000000000000000000000000000000000000000 0001000000000000000110000 00000000000000000000000000000 000000000000000000000000000000 0000001000000000010000000000000 00001000010000 000000000 
000000000000000000000000000000000 0000000000000000000000000000000000000000000000000000000000000000000000000000000 0000010000000000000000000 00000000010000000000000000000 000000000000000000000000000000 0000000000000000000000000000000 10000000000001 000000000 
000000000000000000000000000000000 0000000000000000000000000000000000000000000000000000000000000000000000000000000 0001000000000000000000000 00000000000000000000000000000 000000000000000000000000000000 0000000000000000000000000000000 00000000100000 000000000 
000000000000000000000010010000010 0000000000000000000000000000000000000000000000000000000000000000000000000000000 0000100100000010001000000 00000000000000000000000000001 000000000000000000000000000000 0000000000000000000000000000000 01000000000000 000000000 
000010000000000010000000000100000 0000000000000000000000000000000000000000000000000000000000000000000000000000000 1000000000000000000000000 00100000000000000000000000000 000000000000000000000000000000 0000000000000000000000000000000 10000000000000 000000000 
000000000001000000001000010000000 0000000000000000000000000000000000000000000000000000000000000000000100000000000 0000001000000000000010000 00000000000000000000000000000 000000000000000000000000000000 0000000000000000000000000000000 00000001100011 000000000 
000000000000000000000000000000000 0000000000000000000000000000000000000000000000000000000000000000000000000000000 0001000000000000000000000 00000000000000000000000000000 000000000000000000000000000000 0000000000000000000000000000000 00000000100000 000000000 
000000000000000000000000000000000 0000000000000000000000000000000000000000000000000000000000000000000000000000000 0001001000000000001000000 00000000000000001000000000000 000000000000000000000000000000 0000000000000000000000000000000 10000110110011 000000000 
000000000110000000000000000000000 0000000000000000000000000000000000000000000100000000000010000000000000000000000 1000001101010000000000000 00000000100000000000000000000 000000000000000000100000000100 0000000000000000000000000000000 00100110101010 000000000 
000000000100000000000000000000000 0000000000000000000000000000000000000000000000000000000000000000000000000000000 0000000000000000001000000 00000000000000000000000000000 000000000000000000000000000000 0000000000000000000000000000000 10010000000011 000000000 
000000000000100000000000000000001 0000000000000000000000000000000000000000000000000000000000000000000000000000000 1001000000000000000000000 00000000000000000000000000000 000000000000000000000000000000 0000000000000000000000000000000 10000000100110 000000000 
000010000000000000000000000000000 0000000000000000000000000000000000000000000000000000000000000000000100000000000 1000001000010000000000010 00000000000000100000000000000 000000000000000000000000000000 0000000000000000000000000000001 00001010000000 000000000 
000000000000000000000000000000000 0000000000000000000000000000000000000000000000000000000000000000000000000000000 0000000000000010000000000 00000000000000000000000000000 000000000000000000000000000000 0000000000000000000000000000000 10100000000000 000000000 
000010100010000000000000000000000 0000000000000000000000000000000000000000001000000000000000000000000000000000000 0001000000000001000000000 00000000000010000000000000000 000000000000000000000000100000 0000000000000000000000000000000 00001010100001 000000000 
000010110010000000000000000000001 0000000000000000000000000000000000000000000000000000000000000000000000000000000 0011001000110001000000000 00000000010000000100000000000 000000000001000000000000000000 0100000000000000000000000000000 11101011111110 000000000 
100000010000110000000100000000000 0000000000000000000000000000000000000000000000000000000000000000000000000000000 0001000000000010000010000 00000000001000000100000000000 000000000000000000000000001000 0000001000000000000000000000000 00001110101010 000000000 
000000000000000000010000000000000 0000000000000000000000000000000000000000000000000000000000000000000000000000000 0101010000000000000000000 00000000010000000001000000000 000000000001000000000000000000 0000000000000000000000000000000 10010001100000 000000000 
001001000000100010000000000000000 0000000000000000000000000000000000000000000000000000000000000000000000000000000 0000000001000000000000000 00000000000000000000000000000 000000000000000000000000000000 0000000000000000000000000000000 10000010000000 000000000 
000010010010000001000000100000000 0000000000000000000000000000000000100010000000000000000000000000000000000000000 0100001000000000000000000 10000000000000000100000000000 000000000000000000000001000000 0000000000000000000000000000000 00000001000010 000000000 
000000000000000000001000000000000 0000000000000000000000000000000000000000000000000000000000000000000000000000000 0000000000000000000001000 00000000000000000000000000000 000000000000000000000000000000 0000000010000000000000000000000 10000010000000 000000000 
000000000000000000010000000000000 0000000000001000000000000000000000000000000000000000000000000000000000000000000 1100000000000000000000000 00000000000000000000000000000 000000000000010000000000000000 0100000000000000000000000000000 00000000000010 000000000 
000000000000001000000000000000000 0000000000000000000000000000000000000000000000000000000000000000000000000000000 0001101000000000000000000 00000000000000000010000000000 000000000000000000000000000000 0000000000000000000000000000000 10000010100000 000000000 
000000000010000000000000100000000 0000000000000000000000000000000000000000000000000000000000000000000000000000000 0001001001000000000000000 10000001000000000010010000000 000000000000000000000000000000 0000000000000000000000000000000 10000010000000 000000000 
000000000000000010000000000000000 0000000000000000000000000000000000000000000000000000000000000000000000000000000 0000001000000001000000000 00000000000000000000000001000 000000000000000000000000000000 0000000000000000000000000000100 00000000000001 000000000 
000000000000000000000000010000001 0000000000000000000000000000000000000000000000000000000000000000000000000000000 0000010000000000000000000 00000000000000000000000000000 000000000000000000000000000000 0000000000000000000000000000000 00100000000010 000000000 
000010010110000000000000000000000 0000000000000000000000000000000000000000000000000000000000000000000000000000000 0000000000000000000000010 00000000000000000000000000000 000000000000100000000000000000 0000000000000000000000000000000 10000010100000 000000000 
000000000000000100000000000000000 0000000000000000000000000000000000000000000000000000000000000000000000000000000 0000000100000000000000000 00000000000000000000000000000 000000000000000000000000000000 0000000000000000000000000000000 10000000100000 000000000 
001000010000000000000000000000000 0000000000000000000000000000000000000000000000000000000000000000000000000000000 0000001000000001000000000 00000000000000000000000000000 000000000000000000000011000001 0000000000000001001000000000000 00000000000000 000000000 
000000010000001010000000000000000 0000000000000000000000000000000000000000000000000000000000000000000000000000000 1000000000000000000000000 00000000000000000000000000000 000000000000000000000000000001 0000000000000000000000000000000 00000000100000 000000000 
000000100000000000000000000010000 0000000000000000000000000000000000000000000000000000000000000000000000000000000 0000010000000000000000000 00000001000000000000000000000 000000000000000000000000000000 0000000000000000000000000000000 10001000100000 000000000 
000000000000001001000000001000000 0000000000000000000000000000000000000000000000000000000000000000000000000000000 1001000000000000000000000 00000000000000000000000000000 000000000000100100000000000000 0000000000000000000000000000000 00001011010011 000000000 

111111111111111111101000111111111 0011100000000000000000000000000000000100000000000000010000000000010001000100000 1111111111010111100101111 10010110111100000001110000101 110101000110111100000100110001 1111010110100011101101010110001 11111110111111 000000000 
000011111011100100000000000111001 0000000000000000000000000000000000000000000000000000000000000000000000000000000 1110011000100011111010001 10000000010000100000000000000 000000100001000010000000000000 1000000000000001000000000000000 11010110110010 010000000 
111111111111101000111111111111011 0000000000000000000000000000000000000000000000000000000000000000000000000000000 1111011111111110111011111 10110001001100001000101010011 110000110110001001001100101000 1100001100000000100000000000010 10111111111110 000000000 
000010110010101000000010000100000 0000000000000000000000000000000000000000000000000000000000000000000000000000000 1101010000010100000000000 00000000100000000000000000000 000001001000000000000000000000 0010000000000000000000000001000 10111000100010 000000000 
111111111110101011011111111010110 0000000000000000000000100000000000000000000000000000000000000000000000000000010 0100111001011101110001100 00010010010000100001011000111 100001001000000000000100000000 1100001000000000000000001010000 11110110101111 000000000 
111111111111101111011110111011010 0000000000000000000000000000000000000000000000000000000000000000000000000000000 1110111111111101101101111 00100010001000001001010010001 101100100110000010000000000000 1101000010000000000000000100000 11111111101111 000000000 
111110111111110011111111111111110 0000000000000000000000000000000000000000000000000000000000000000000100000000001 1101011101010101101101110 10010010000010001001100010110 110100001000111000100000000000 1100000000000000100000000000000 10111110101010 000000000 
000110010000000000001000101000000 0000000000000000000000000000000000000000000000000000000000000000000000000001000 0010101010000010001000100 10000000000000000000000000000 000000000001000000000000000000 0010000000000000000000000000001 00100000001100 000000000 
100010100000000000001100100100000 0000000000000000000000000000000000000000000000000000000000000000000000000000000 1001011000000000000000000 00000000010000000000000000000 100000100100000000000000000000 0000000000000000000000000000000 00011000100000 000000000 
000000010000100010000000000000000 0000000000000000010000000000000000100000000000000000000000000000000000000000000 0100001001000000000000001 10000000000100000000011000000 000000000000100000000001000000 0000000000100000001000000000000 01000101111110 000000000 
000011000001001000000010100000000 0000000000000000000000000000000000000000000000000000000000000000000000000000000 0100000000000100100010000 00000000000000001000000000000 001000000000100000000000100000 0000000000000001001000000000000 00011010111000 000000000 
000000000000000010000011000011000 0000000000000000000000000000000000000000100000000000000000000000000000000000000 1010001000000100000000010 00000001000000000100000000000 000000000000000000000000000000 1000000000000000000000000000000 00001001000110 000000000 
000000110010000000000000001011000 0000000000000000000000000000000000000000000000000000000000000000000000000000000 0001101000000000000000000 00000001000000000001000000000 000000000000100000010000000000 0000000000000000000000000000101 01000000111110 000000000 
001110110001011010011000010010010 0000000000000000000000000000000000000000000000000000000000000000001000000000000 0011101011010100000001001 10000001010000000000100000000 000010000000100000000000101000 0010001000000000000010000000101 10111110111010 000000000 
000110110010100011011000111111001 0000000000000000000000000000000000000000000000000010000000000000000000000000000 1111011100010011100001010 10100010110000000011000000010 000101000000100000010000000101 0001000000000000000001001000001 01011010111110 000000000 
000100010000010000000010000001000 0000000000000000000000000000000000000000000000000000000000000000000000000000000 0011001101000100101010000 00110000000000000000000000000 000001000000100010000000000000 0000000000000100000000000000000 00010001001010 000000000 
101000011100101001001100111110000 0000000000000000000000000000000000000000000000000000000000000000000000000000000 0000001101010100100001010 00000000001010001010001001000 110100000000001000000000000000 1100000010100000000000000001000 10111111100011 000000000 
000010000000100000100000100000000 0000000000000000000000000000000000000000000000000000000000000000000000000000000 0000000000000010000010000 00100000000000101000000000000 000000000000010000000000000000 0010000000000000001000000000000 00111000000001 000000000 
100000111100000000001100000010010 0000000000000000000000000000000000000000000000000000000000000000000000000000000 0001011100000000100100010 00100000000000000100000000000 000000000000000010000000000000 0000001010000000000000100000000 10000110100000 000000000 
100010100000011000001000010000000 0000000000000000000000000000000000000000000000000000000000000000000000000000000 1011011000011110000000000 10000000010000000001001000000 000000000000100000100000000000 0000000000000000000001000000000 01001000110110 000000000 
101110110000000100001000000001010 0000000000000000000000000000000000001000000000000000000000000001000000000000000 1110101101010001100001110 00100000001000000000001000000 001000000000100000000000000000 1010000000000000001000000000010 10110111111110 000000000 
111100110111101100010010110010010 0000000000000000000000000000000000000000000000000000000000000000000000000000000 0100001101010110100011011 00001001001000000000000011000 100000000000100000000010000000 0000000000000000000000000000001 10010010100010 000000000 
000010010000000001101000100000010 0000000000000000000000000000000000000000000000000000000000000000000000000000000 0001011000000000000000001 00000000000000000000000000000 000000000000000000000000000000 0000000000000000000000000000000 00110000100100 000000000 
000111000000100001100000000011000 0000100000000000000000000000000000000010000000000000000000000000010000000000000 0001011000000110110010010 00000110010000101100000100000 100000000010000000000010000000 1000001010000000010000000000000 00010100110110 000000000 
101110010000001000001000010000000 0000000000000000000000000000000000000000000000000000000000000000000000000000000 1011000000000100000000001 00000000000000000001000000001 000000000000000000000000000000 0000000000000000000000000000000 01000000110010 000000000 
100101111001101001000010100000000 0000000000000000001000000000000000000000000000000000000000000000000000000000000 1000011101011101100011000 10000000000000000010000001000 100001000000100000000000000000 0100000000000000000000000000000 11111011100111 000000000 
000111010000100100010001000000000 0000000000000000000000000000000000000000000000000000000000000000000000000000000 1001010000100010010001000 11010000000000000000000000000 000001100100100000000000001000 0000000000000000000000000000100 10110010111010 000000000 
100010111001100101001011000011000 0000000000000000000000000000000000000000000000000000000000000000000000010000000 1110011100110101100000000 10000000001000000000000000000 100000001000000000001000000000 0000010000000000000000000000000 11110101111111 000000000 
101000110000110010000000000000010 0000000000000000000000000000000000000000000000000000000000010000000000000000000 1010010000010001100000000 10010000100000100000000000000 000000000001100000000000000000 0010000000000000000000100000000 00011010110010 000000000 

000000000000000000000000000000000 0000000000100000000000000000000000000000000000000000000000000000000000000000000 0000000000000000000001000 00000000000000000000000000000 000000000000000000000000000000 0000000000000000000000000000000 00000000000000 000000000 
000000000000000000000000000000000 0000000000000000000000000000000000000000000000000000000000000000000000000000000 0000000000000000000000000 00000000000000000000000000000 000000000000000100000000000000 0000000000000000000000000000000 00000000000001 000000000 
000000000000000000000000000000000 0000000000000000000000000000000000000000000000000000000000000000000000000000000 0000000000000000000000000 00000000000000000000000000000 000000000000000000000000000000 0000000000000000001000000000000 00000000000000 000000000 
000000000000000000000000000000000 0000000000000000000000000000000000000000000000000000000000000000000000000000000 0000001000000000000000000 00000000000000000000000000000 000000000000000000000000000000 0000000000000000000000000000000 00000000000010 000000000 
000010000000000000000000000000000 0000000000000000000000000000000000000000000000000000000000000000000000000000000 0000000000000000000000100 00000000000000000000000000000 000000000000000000000000000000 0000000000000000000000000000000 00000000000001 000000000 
000000000000000000000000000000000 0000000000000000000000000000000000000000000000000000000000000000000000000000001 0000100100000000000000000 00000000000000000000000000000 000000000000000000000000000000 0000000000000000000000000000000 00000000000001 000000000 
000000000000000000000000000000000 0000000000000000000000000000000000000000000000000000000000000000000000000000000 0000000000000000000000000 00000000000000000000100000000 000000000000000000000000000000 0000000000000000001000000000000 00000000100011 000000000 
000000001000000000000000000000000 0000000000000000000000000000000000000000000000000000000000000000000000000000000 0100001000000000000000000 00000001010000000000000000000 000000000000000000010000000000 0000000000000000000000000000000 11000001000001 000000000 
000000000000000000000000000000000 0000000000000000000000000000000000000000000000000000000000000000000000000000000 0001000000000000000000000 00000000000000000000000000000 000000000000010000000000000000 0000000000000000000000000000000 00000000000000 000000000 
000000000000000000000000000000000 0000000000000000000000000000000000000000000000000000000000000000000000000000000 0000000000000000000000000 00000000000000000010000000000 000000000000000000000000000000 0000000000000000000000000000000 00000000100001 000000000 
000000010000000000000000000000000 0000000000000000000000000000000000000000000000000000000000000000000000000000001 0100000000000000000000000 00000000000000000000000000000 000000000000000000000000000000 0000000000000000000000000000000 00000000000000 000000000 
000000000000000000000000000000000 0000000000000000000000000000000000000000000000000000000000000000000000000000000 0000001000000000000000000 00000000000000000000000000000 000000000000000000000000000000 0000000000000000000000000000000 00000000000000 000000000 
000000000000000000000000000000000 0000000000000000000000000000000000000000000000000000000000000000000000000000000 0000000000000001000000000 00000000000000000000000000000 000000000000000000000000000000 0000000000000000000000000000000 00000000000000 000000000 
000000000000000000000000000000000 0000000000000000000000000000000000000000000000000000000000000000000000000000000 0000001000000000000000000 00000000000000000000000000000 000000000000000000000000000000 0000000000000000000000000000000 00000000000001 000000000 
000000000000000010000000000000000 0000000000000000000000000000000000000000000000000000000000000000000000000000000 0000000000000000000000000 00000000000000000000000000000 000000000000000000000000000000 0000000000000000000000000000000 00000000000000 000000000 
000000000000000000000000000000000 0000000000000000000000000000000000000000000000000000000000000000000000000000000 0000000000001000000000000 00000000000000000000000000000 000000000000000000000000000000 0000000000000000000000000000000 00000000000000 000000000 
000000000010000000000000000000000 0000000000000000000000000000000000000000000000000000000000000000000000000000000 0001000000000000000000000 00000000000000000000000000000 000000000000000000000000000000 0000000000000000000000000000000 00000000000000 000000000 
000000000000000000000000000000000 0000000000000000000000000000000000000000000000000000000000000000000000000000000 0000000000000000000000000 00000000000000000000000000000 000000000000000000000000000000 0000000000000000000000000000000 00000000000000 000000000 
000000000000000000010000000000000 0000000000000000000000000000000000000000000000000000000000000000000000000000000 0000000000000000000000000 00000000000000000000000000000 000000000000000000000000000000 0000000000000000000000000000000 00000000000000 000000000 
000000000000000000000000000000000 0000000000000000000000000000000000000000000000000000000000000000000000000000000 0000000000000000000000000 00000000000000000000000000000 000000000000000000000000000000 0000000000000000000000000000000 00000000000000 000000000 
000000000000000000000000000000000 0000000000000000000000000000000000000000000000000000000000000000000000000000000 0000000000000000000000000 00000000000000000000000000000 000000000000000000000000000000 0000000000000000000000000000000 00000000000001 000000000 
000000000000000000000000010000000 0000000000000000000000000000000000000000000000000000000000000000000000000000000 0000000000000000000000000 00000000000000000000000000000 000000000000000000000000000000 0000000000000000000000000000000 00000000000000 000000000 
000000000000000000000000000000000 0000000000000000000000000000000000000000000000000000000000000000000000000000000 0000000000000000000000000 00000000000000000000000000000 000000000000000000000000000000 0000000000000000000000000000000 00000000000000 000000000 
000000000000000000000000000000000 0000000000000000000000000000000000000000000000000000000000000000000000000000000 0000000000000000000000000 00000000000000000000000000000 000000000001000000000000000000 0000000000000000000000000000000 00000000000000 000000000 
000000000000000000000000000000000 0000000000000000000000000000000000000000000000000000000000000000000000000000000 0000000000000000000000000 00000000000000000000000000000 000000000000000000000000000000 0000000000000000000000000000000 00000000000000 000000000 
000000000000000000000000000000000 0000000000000000000000000000000000000000000000000000000000000000000000000000000 0000000000000000000000000 00000000000000000000000000000 000000000000000000000000000000 0010000000000000000000000000000 00000000000000 000000000 
000000000000000000000000000000000 0000000000000000000000000000000000000000000000000000000000000000000000000000000 0000000000000000000000000 00000000000000000000000000000 000000000000000000000000000000 0000000000000000000000000000000 00000000000001 000000000 
000000000000000000000000000000000 0000000000000000000000000000000000000000000000000000000000000000000000000000000 0000000000000000000000000 00000000000000000000000000000 000000000000000000000000000000 0000000000000000000000000000000 00000000000000 000000000 
000000000000000000000000000000000 0000000000000000000000000000000000000000000000000000000000000000000000000000000 0000000000000000000000000 00000000000000000000000000000 000000000000000000000000000000 0000000010000000000000000000000 00000000000000 000000000 
000000000000000000000000000000000 0000000000000000000000000000000000000000000000000000000000000000000000000000000 0000000000000000100000000 00000000000000000000000000000 000000000000000000000000000000 0000000000000000000000000000000 00000000000000 000000000 
000000000000000000000000000000000 0000000000000000000000000000000000000000000000000000000000000000000000000000000 0000000000000000000000000 00000000000000000000000000000 000000000000000000000000000000 0000000000000000001000000000000 00000000000001 000000000 
000000000000000000000000000000000 0000000000000000000000000000000000000000000000000000000000000000000000000000000 0000000000000000000000000 00000000000000000000000000000 000000000000000000000000000000 0000000000000000000000000000000 00000000000001 000000000 
000000000000000001000000000000000 0000000000000000000000000000000000000000000000000000000000000000000000010000000 0000000000000010000000000 00000000000000000000000000000 000000000000000000000000000000 0000000000000000000000000000000 00000000000000 000000000 
000000000000000000000000000000000 0000000000000000000000000000000000000000000000000000000000000000000000000000000 0000000000000000000000000 00000000000000001000000000000 000000000000000000000000000000 0000000000000000000000000000000 00000000000000 000000000 
000000000000000000000000000000000 0000000000000000000000000000000000000000000000000000000000000000000000000000000 0000000000000000000000000 00000000000000000000000000000 000000000000000000000000000000 0000000000000000000000000000000 00000000000001 000000000 
000000000000000000000000000000000 0000000000000000000000000000000000000000000000000000000000000000000000000000000 0000000000000000000000000 00000000000000000000000000000 000000000000000000000000000000 0000000000000000000000000000000 00000000000000 000000000 
000000000000000000000000000000000 0000000000000000000000000000000000000000000000000000000000000000000000000000000 0000000000000000000000000 00000000000000000000000000000 000000000000000000000000000000 0000000000000000000000000000000 00000000000000 000000000 
000000000000000000000000000000000 0000000000000000000000000000000000000000000000000000000000000000000000000000000 0000001000000000000000000 00000000000000000000000000000 000000000000000000000000000000 0000000000000000000000000000000 00000000000000 000000000 
000000000000000000000000000000000 0000000000000000000000000000000000000000000000000000000000000000000000000000000 0000000000000000000000000 00000000000000000000000000000 000000000000000000000000000000 0000000000000000001000000000000 00000000000000 000000000 
000000000000100000000000000000000 0000000000000000000000000000000000000000000000000000000000000000000000000000000 0000000000000000000000000 00000000000000000000000000000 000000000000000000000000000000 0000000000000000000000000000000 00000000000000 000000000 
000000000000000000000000000000000 0000000000000000000000000000000000000000000000000000000000000000000000000000000 0000000000000000000000000 00000000000000100000000000000 000000000000000000000000000000 0000000000000000000000000000000 00000000000000 000000000 
000000000000000000000000000000000 0000000000000000000000000000000000000000000000000000000000000000000000000000000 0001000000000000000000000 10000000000000000000000000000 000000000000000000000000000000 0000000000000000000000000000000 00000000000000 000000000 
000000000100000000000000000000000 0000000000000000000000000000000000000000000000000000000000000000000000000000000 0000010000000000000000000 00000000000000000000000000000 000000000000000000000000000000 0000000000000000000000000000000 00000000000000 000000000 
000000000000000000000000000000000 0000000000000000000000000000000000000000000000000000000000000000000000000000000 0000000000000000000000000 00000000000000000000000000000 000000000000000000000000000000 0000000000000000000000000000000 00000000000000 000000000 
000000000000000000000000000000000 0000000000000000000000000000000000000000000000000000000000000000000000000000000 0001000000000000000000000 00000000000000000000000000000 000000000000000000000000000000 0000000000000000000000000000000 00000000000001 000000000 
000000000000000000000000000000000 0000000000000000000000000000000000000000000000000000000000000000000000000000000 0000000000000000000000000 00000000000000000000000000000 000000000000000000000000000000 0000000000000000000000000000000 00000000000000 000000000 
000000000000000000000000000000000 0000000000000000000000000000000000000000000000000000000000000000000000000000000 0000000000000000000000000 00000000000000000000000000000 000000000000000000000000000000 0000000000000000000000000000000 00000000000000 000000000 
000000000000000000001000000000000 0000000000000000000000000000000000000000000000000000000000000000000000000000000 0000000000000000000000000 00000000000000000000000000000 000000000000000000000000000000 0000000000000000000000000000000 00000000000000 000000000 
000000010000000000000000000000000 0000000000000000000000000000000000000000000000000000000000000000000000000000000 0000000000000000000000000 00000000000000000000000000000 000000000000000000000000000000 0000000000000000000000000000000 00000000000000 000000000 
000000000000000000000000000000000 0000000000000000000000000000000000000000000000000000000000000000000000000000000 0000000000000000000000000 00000000000000000000000000000 000000000000000000000000000000 0000000000100000000000000000000 00000000000000 000000000 
000000000000000000000000000000000 0000000000000000000000000000000000000000000000000000000000000000000000000000000 0000000000000000000000000 00000000000000000000000000000 000000000000000000000000000000 0000000000000000000000000000000 00000000000000 000000000 
000000000000000000000000000000000 0000000000000000000000000000000000000000000000000000000000000000000000000000000 0000000000000000000000000 00000000000000000000000000000 000000000000000000000000000000 0000000000000000000000000000000 00000000000000 000000000 
000000000000000000000000000000000 0000000000000000000000000000000000000000000000000000000000000000000000000000000 0000000000000000000000000 00000000000000000000000000000 000000000000000000000000000000 0000000000000000000000000000000 00000000000001 000000000 
000000000000000000000000000000000 0000000000000000000000000000000000000000000000000000000000000000000000000000000 0000000000000000000000000 00000000000000000000000000000 000000000000000000000000000000 0000000000000000000000000000000 00000000000000 000000000 
000000010000000000000000000000000 0000000000000000000000000000000000000000000000000000000000000000000000000000000 0000000000000000000000000 00000000000000000000000000000 000000000000000000000000000000 0000000000000000000000000000000 00000000000000 000000000 
000000000000000000000000000000000 0000000000000000000000000000000000000000000000000000000000000000000000000000000 0000000000000000000000000 00000000000000000000000000000 000000000000000000000001000000 0000000000000000001000000000000 00000000000000 000000000 
000000000000000000000000000000000 0000000000000000000000000000000000000000000000000000000000000000000000000000000 0000000000000000000000000 00000000000000000000000000000 000000000000000000000000000000 0000000000000000000000000000000 00000000000000 000000000 
000000000000000000000000000000000 0000000000000000000000000000000000000000000000000000000000000000000000000000000 0000001000000000000000001 00000000000000000000000000000 000000000000000000000000000000 0000000000000000000000000000000 00000000000001 000000000 
000000000000000000000000000000000 0000000000000000000000000000000000000000000000000000000000000000000000000000000 0000000000000000000000000 00000000000000000000000000000 000000000000000000000000000000 0000000000000000000000000000000 00000000000000 000000000 
000000000000000000000000000000000 0000000000000000000000000000000000000000000000000000000000000000000000000000000 0000000000000000000000000 00000000000000000000000000000 000000000000000000000000000000 0000000000000000000000000000000 00000000000000 000000000 
000000000000000000000000000000000 0000000000000000000000000000000000000000000000000000000000000000000000000000000 0000000000000000000000000 00000000000000000000000000000 000000000000000000000000000000 0000000000000000000000000000000 00000000000001 000000000 
000000000000000000000000000000000 0000000000000000000000000000000000000000000000000000000000000000000000000000000 0000001000000000000000000 00000000000000000000000000000 000000000000000000000000000000 0000000000000000000000000000000 00000000000001 000000000 
000000000000000000000000000000000 0000000000000000000000000000000000000000000000000000000000000000000000000000000 0000000000000000000000000 00000000000000000000000000000 000000000000000000000000000000 0000000000000000000000000000000 00000000000000 000000000 
000000000000000000000000000000000 0000000000000000000000000000000000000000000000000000000000000000000000000000000 0000000000000000000000000 00000000000000000000000000000 000000000000000000000000000000 0000000000000000000000000000000 00000000000001 000000000 
000000000100000000000000000000000 0000000000000000000000000000000000000000000000000000000000000000000000000000000 0000000000000000000000000 00000000000000000000000000000 100000000000000000000000000000 0000000000000000000000000000000 00000000000000 000000000 
000000000000000000000000000000000 0000000000000000000000000000000000000000000000000000000000000000000000000000000 0000000000000000000000000 00000000000000000000000000000 000000000000000000000000000000 0000000000000000000000000000000 00000000000000 000000000 
000000000000000000000000000000000 0000000000000000000000000000000000000000000000000000000000000000000000000000000 0000000000000000000000000 00100000000000000000000000000 000000000000001000000000000000 0000000000000000000000000000000 00000000000000 000000000 
000000000000000000000000000000000 0000000000000000000000000000000000000000000000000000000000000000000000000000000 0000000000000000000000000 10000000000000000000000000000 000000000000000000000000000000 0000000000000000000000000000000 00000000000000 000000000 
000010000000000000000000000000000 0000000000000000000000000000000000000000000000000000000000000000000000000000000 0000000000000010000000000 00100000000000000000000000000 000000000000000000000000000000 0000000000000000000000000000000 00000000000000 000000000 
000000000000000000000000000000000 0000000000000000000000000000000000000000000000000000000000000000000000000000000 0000000000000000000001000 00000000000000000000000000000 000000000000000000000000000000 0000000000000000000000000000000 00000000000000 000000000 
000000000000000000000000000000000 0000000000000000000000000000000000000000000000000000000000000000000000000000000 0000001000000000000000000 00000000000000000000000000000 000000000000000000000000000000 0000000000000000000000000000000 00000000000000 000000000 
000000000000000000000000000000000 0000000000000000000000000000000000000000000000000000000000000000000000000000000 0000000000000000000000000 00000000000000000000000000000 000000000000000000000000000000 0000000000000000000000000010000 00000000000000 000000000 
000000000000000000000000000000000 0000000000000000000000000000000000000000000000000000000000000000000000000000000 0000000000000000000000000 00000000100000000000000000000 000000000000000000000000000000 0000000000000000000000000000000 00000000000000 000000000 
000000000000000000000000000000000 0000000000000000000000000000000000000000000000000000000000000000000000000000000 0000000000000000000000000 00000000000000000000000000000 000000000000000000000000000000 0000000000000000000000000000000 00000000000000 000000000 
000000000000000000000000000000000 0000000000000000000000000000000000000000000000000000000000000000000000000000001 0000000000000000000000000 00000000000000000000000000000 000000000000000000000000000000 0000000000000000000000000000000 00000000000000 000000000 
000000000000000001000000000000000 0000000000000000000000000000000000000000000000000000000000000000000000000000000 0000000000000000000001000 00000000000000000000000000000 000000000000000000000000000000 0000000000000000000000000000000 00000000000000 000000000 
000000000000000000000000000000000 0000000000000000000000000000000000000000000000000000000000000000000000000000000 0000000000000000000000000 00000000000000000000000000000 001000000000000000000000000000 0000000000000000000000000000000 00000000000000 000000000 
000000000000000000000000000000000 0000000000000000000000000000000000000000000000000000000000000000000000000000000 0000000000000000000000000 00000000000000000000000000000 000000000000000000000000000000 0000000000000000000000000000000 00000000000001 000000000 
000000000000100000000000000000000 0000000000000000000000000000000000000000000000000000000000000000000000000000000 0000000000000000000000000 00000000000000000000000000000 000000000000000000000000000000 0000000000000000000000000000000 00000000000000 000000000 

111111111111111111111111111111111 0010101000000010010100000001110000010000100000011100000000000000010111101111001 1111111111111111111111111 11111111111111111101111110111 111011111110111111000111101011 1110001110111011101010110001111 11111111111111 000000000 
111111111111111111111111111110111 0001100000100010100000000011000000000100000000001010000000001000000001000010000 1111111111110111111111111 00110100101000000100001111111 111010011101010000000100111001 1110101100000000101101001011000 11111111111110 000000000 
111111111110111111111111101111111 0001000001000000000010000000000010000000000000000000000000000000000001100110010 1111111101111111111111111 10110111010101101011111011010 111111100111110110101010111101 1111001100010000110101110011010 11111111101111 000000000 
111111111111111111111111111111111 0010010100001001000001000000001010010010001100000000001010000100000000011000001 1111111111111111111111111 11111111111111101111011101111 111011111111111111110110101111 1111100111000000111111110000011 11111111111111 000000000 
111111111111111111111111111011011 0000000000000000010000000000000010000000000000000000000000000000000000000000000 1111111111111101111111111 00111111001001001000001000010 111000111110110001100101001001 1100001010000010010000001000001 11111111111110 000000000 
101111111110111100111111111111111 0010000000000000110000000000000000010000000000000000000010000000000000000000001 1111111111111111111101111 10001111110010101001011011111 110001100000100000010111100001 1010101110001001011000000010000 11111110111111 000000000 
111111111111111111111111111111111 1000110000100000100000000010010010000110000000100010100011000000110001111001100 1111111111111111111111111 11111111111101111111111111111 111111111111111111111111101011 1111101111011111111101010111111 11111111111111 100000010 
101111111010111111111010111111111 0000000000000000000000000000000000000000000100000000000000000000000000010000010 1111111111011111111111111 11110001011001001011000000000 110000000010100100100011001000 1011001110110000000001000000001 11111111111111 000000000 
111110111110101111001010111110010 0000000000000000000000000000000000010000000000000000000000000000001000000000001 0011101111110111100011110 00000000100111010010001000101 100000100000100000100100000001 1000000000110000001001000010000 10111111110111 000000000 
111110111101100011011011111010110 0010000000000000000010000000010000000000000000000000000000000000000001000100000 1111101111111111111100110 10001100011000011001011000001 101100001100111000000101000001 1100000010000000001000000000100 11111111111110 001000000 
111111110110100111111111101111110 0000000000000000100000000010000000000000000000000000000000000000000000001100000 1111111100010111100101110 11110110100001100101000011011 111000100100000010000000000000 1110001110000000000000001000000 10111111111110 000000000 
101111111000100101001011100010001 0000000000000010000000000000000000000000000001000000000010000000000000000000000 0111011110011110110001111 10100000000001100001000001100 001000001100010000000000100000 0110000000000000110000000001000 11111111111110 000000000 
101110111101111101111110110111111 0000000000000000000000000000000000010000000000000000000000000000000000000100000 1111011001111110110101110 10100000110010010000000001000 100001000000100000100100000000 1000000100000000001000001000001 11111110111110 000000000 
111110111101111011111000101111010 0000000000000000000000000100000000000000000000001000000000000000000000000000001 0110001111011101101101110 00011010001000000000000010000 100100001000101100000011001100 1000001010000100001000010000000 10011111100011 000000000 
111111111111110111111111111111110 0000000000000000100000000000010010000000100000000000000001000000000001000000000 1111111111111111111111111 11011111101101100101001011111 111101011111001101111010001000 1011001110010110001000001010111 11111111111110 000000000 
111111111111111101111111111111010 0000000000000000000000000000000000000000000000000000100000000000000000100000000 1111011111111111110101111 11110111111001001010000001001 110000110101010000000000001000 1110001000000010000000001000111 10111110110010 000000000 
111111111111110111111111101111111 0000000000000010000000000000000000000000000000000000000000000000000010000000000 1111111111111111111111111 00110011111100001100001111011 110010101010110000000000001001 1010001011000000000000001000000 11111110111111 000000100 
101111011010101001111100110011011 0000000000000000000000000000001000000000000000000100000000000000010001000000000 1111111111010101101111011 10000000011000000000000000000 001101001101000000000000000100 0100001000010000100000000000100 11111110110110 000000000 
111111111111110111111111111111111 0010000000001000000000000000001000010010000100110000001000000000100100001010001 1111111111111111111111111 10101111110010111001111000101 111111100110110000110110011000 1000001011100010010100001100011 11111111111111 000000000 
111111111111101111111111111111111 0000000100001000000001000000000001010000000000000000000000000000000000000000010 1111111111111111111111111 10110111101101101011100010001 111011101011110011100100101011 1000001110010000000100000000000 11111110101110 000000000 
101111110111111010001111100111101 0000000000000000000000000000000000000000000000000000000000000000000000100100001 1111111001011111110001110 11110001010010100011110000000 100001000101110010010000000001 1011001000110000100010000000000 10111111111110 000100000 
001010111110110111011001011000011 0000000000000000100000001000000000010000000000000000000010000000010000000000000 1111111001110110110011010 10000001110100100000000000010 000100010010001000000000100000 1000000010010000000100000000001 10111111111010 000000000 
111111111111110111111111111111110 0000000000000000100000000000000000000000000010000000000000000000000100000000000 1111111111111101111111111 10101101010100001101011011111 110011101001000100000000011100 1011000110000000000001001000001 11111111111111 000000000 
111111111111111111111110111111111 0000000000000000000000000000000000000000000000000000000010000000000100001000001 1111111111111111111111111 11011000101100011010010111101 101000110100001100000101101101 1000000011101010101100000010101 11111110111111 000000000 
101111111111000011001011110110001 0000000000000000010000000000000000000000000000000000000001000000100000000000000 1101111101110100101111001 11010000100100000000000000000 001000000000100000000001000000 1000000000100000100000000000000 10111111111101 000000000 

111111111111111111111111111111111 1111110111111111111111101110101010010111111111111111111111011110111111111101101 1111111111111111111111111 11111111111111111111111111111 111111111111111111111111111111 1111111111111111111111111111111 11111111111111 100000001 
111111111111111111111111111111111 0010000000000000011000000000000000100000001000100000000001000100000111100000000 1111111111111111111111111 11111111111101111111111111111 111011111110111101110111111111 1010111100110111101101000010000 11111111111111 000000000 
111111111111111110111111111111111 0010000101000000000000000000100000010100000100110010000000000000001010011000001 1111111111111111111111111 11111111100111111111111111111 111110111110111111111101011111 1111001110011000010001110100101 11111111111111 000000000 
111111111111111111111111111111111 1001111010111010101101010111011111101010100110001110100010101011011111110100001 1111111111111111111111111 11111111111111111111001111111 111111111111110111111111111111 1111111110000111110101001111111 11111111111111 000000000 

000000000000000000000000000000000 0000000000000000000000000000000000000000000000000000000000000000000000000000000 0000000000000000000000000 00000000000000000000000000000 000000000000000000000000000000 0000000000000000000000000000000 10000000000000 000000000 
000000000000000000000000000000000 0000000000000000000000000000000000000000000000000000000000000000000000000000000 0000000000000000000000000 00000000000000000000000000000 000000000000000000000000000000 0000000000000000000000000000000 00001000000000 000000000 
000000000000000000000000000000000 0000000000000000000000000000000000000000000000000000000000000000000000000000000 0000000000000000000000000 00000000000000000000000000000 000000000000000000000000000000 0000000000000000000000000000000 10000000000000 000000000 
000000000000000000000000000000000 0000000000000000000000000000000000000000000000000000000000000000000000000000000 0000000000000000000000000 00000000000000000000000000000 000000000000000000000000000000 0000000000000000000000000000000 10000000000000 000000000 
000000000000000000000000000000000 0000000000000000000000000000000000000000000000000000000000000000000000000000000 0000000000000000000000000 00000000000000000000000000000 000000000000000000000000000000 0000000000000000000000000000000 10000000000000 000000000 
000000000000000000000000000000000 0000000000000000000000000000000000000000000000000000000000000000000000000000000 0000000000000000000000000 00000000000000000000000000000 000000000000000000000000000000 0000000000000000000000000000000 00100000010000 000000000 
000000000000000000000000000000000 0000000000000000000000000000000000000000000000000000000000000000000000000000000 0000000000000000000000000 00000000000000000000000000000 000000000000000000000000000000 0000000000000000000000000000000 10000010000000 000000000 
000000000000000000000000000000000 0000000000000000000000000000000000000000000000000000000000000000000000000000000 0000000000000000000000000 00000000000000000000000000000 000000000000000000000000000000 0000000000000000000000000000000 10000000000000 000000000 
000000000000000000000000000000000 0000000000000000000000000000000000000000000000000000000000000000000000000000000 0000000000000000000000000 00000000000000000000000000000 000000000000000000000000000000 0000000000000000000000000000000 00000000001000 000000000 
000000000000000000000000000000000 0000000000000000000000000000000000000000000000000000000000000000000000000000000 0000000000000000000000000 00000000000000000000000000000 000000000000000000000000000000 0000000000000000000000000000000 10000001000000 000000000 
000000000000000000000000000000000 0000000000000000000000000000000000000000000000000000000000000000000000000000000 0000000000000000000000000 00000000000000000000000000000 000000000000000000000000000000 0000000000000000000000000000000 00000100100000 000000000 
000000000000000000000000000000000 0000000000000000000000000000000000000000000000000000000000000000000000000000000 0000000000000000000000000 00000000000000000000000000000 000000000000000000000000000000 0000000000000000000000000000000 10000000000000 000000000 
000000000000000000000000000000000 0000000000000000000000000000000000000000000000000000000000000000000000000000000 0000000000000000000000000 00000000000000000000000000000 000000000000000000000000000000 0000000000000000000000000000000 00000010000000 000000000 
000000000000000000000000000000000 0000000000000000000000000000000000000000000000000000000000000000000000000000000 0000000000000000000000000 00000000000000000000000000000 000000000000000000000000000000 0000000000000000000000000000000 00000010000000 000000000 
000000000000000000000000000000000 0000000000000000000000000000000000000000000000000000000000000000000000000000000 0000000000000000000000000 00000000000000000000000000000 000000000000000000000000000000 0000000000000000000000000000000 10000000000000 000000000 
000000000000000000000000000000000 0000000000000000000000000000000000000000000000000000000000000000000000000000000 0000000000000000000000000 00000000000000000000000000000 000000000000000000000000000000 0000000000000000000000000000000 10000000000000 000000000 
000000000000000000000000000000000 0000000000000000000000000000000000000000000000000000000000000000000000000000000 0000000000000000000000000 00000000000000000000000000000 000000000000000000000000000000 0000000000000000000000000000000 10010000000000 000000000 
000000000000000000000000000000000 0000000000000000000000000000000000000000000000000000000000000000000000000000000 0000000000000000000000000 00000000000000000000000000000 000000000000000000000000000000 0000000000000000000000000000000 10010000000000 000000000 
000000000000000000000000000000000 0000000000000000000000000000000000000000000000000000000000000000000000000000000 0000000000000000000000000 00000000000000000000000000000 000000000000000000000000000000 0000000000000000000000000000000 10000000000000 000000000 
000000000000000000000000000000000 0000000000000000000000000000000000000000000000000000000000000000000000000000000 0000000000000000000000000 00000000000000000000000000000 000000000000000000000000000000 0000000000000000000000000000000 00000000100000 000000000 
000000000000000000000000000000000 0000000000000000000000000000000000000000000000000000000000000000000000000000000 0000000000000000000000000 00000000000000000000000000000 000000000000000000000000000000 0000000000000000000000000000000 10000000000000 000000000 
000000000000000000000000000000000 0000000000000000000000000000000000000000000000000000000000000000000000000000000 0000000000000000000000000 00000000000000000000000000000 000000000000000000000000000000 0000000000000000000000000000000 00000010000000 000000000 
000000000000000000000000000000000 0000000000000000000000000000000000000000000000000000000000000000000000000000000 0000000000000000000000000 00000000000000000000000000000 000000000000000000000000000000 0000000000000000000000000000000 10000000000000 000000000 
000000000000000000000000000000000 0000000000000000000000000000000000000000000000000000000000000000000000000000000 0000000000000000000000000 00000000000000000000000000000 000000000000000000000000000000 0000000000000000000000000000000 00100000000000 000000000 
000000000000000000000000000000000 0000000000000000000000000000000000000000000000000000000000000000000000000000000 0000000000000000000000000 00000000000000000000000000000 000000000000000000000000000000 0000000000000000000000000000000 10000000000000 000000000 
000000000000000000000000000000000 0000000000000000000000000000000000000000000000000000000000000000000000000000000 0000000000000000000000000 00000000000000000000000000000 000000000000000000000000000000 0000000000000000000000000000000 10000000001000 000000000 
000000000000000000000000000000000 0000000000000000000000000000000000000000000000000000000000000000000000000000000 0000000000000000000000000 00000000000000000000000000000 000000000000000000000000000000 0000000000000000000000000000000 10000000000000 000000000 
000000000000000000000000000000000 0000000000000000000000000000000000000000000000000000000000000000000000000000000 0000000000000000000000000 00000000000000000000000000000 000000000000000000000000000000 0000000000000000000000000000000 10000010000000 000000000 
000000000000000000000000000000000 0000000000000000000000000000000000000000000000000000000000000000000000000000000 0000000000000000000000000 00000000000000000000000000000 000000000000000000000000000000 0000000000000000000000000000000 00000000100000 000000000 
000000000000000000000000000000000 0000000000000000000000000000000000000000000000000000000000000000000000000000000 0000000000000000000000000 00000000000000000000000000000 000000000000000000000000000000 0000000000000000000000000000000 10000000000000 000000000 
000000000000000000000000000000000 0000000000000000000000000000000000000000000000000000000000000000000000000000000 0000000000000000000000000 00000000000000000000000000000 000000000000000000000000000000 0000000000000000000000000000000 10000000000100 000000000 
000000000000000000000000000000000 0000000000000000000000000000000000000000000000000000000000000000000000000000000 0000000000000000000000000 00000000000000000000000000000 000000000000000000000000000000 0000000000000000000000000000000 10000000000000 000000000 
000000000000000000000000000000000 0000000000000000000000000000000000000000000000000000000000000000000000000000000 0000000000000000000000000 00000000000000000000000000000 000000000000000000000000000000 0000000000000000000000000000000 00001000000000 000000000 
000000000000000000000000000000000 0000000000000000000000000000000000000000000000000000000000000000000000000000000 0000000000000000000000000 00000000000000000000000000000 000000000000000000000000000000 0000000000000000000000000000000 00000010000000 000000000 
000000000000000000000000000000000 0000000000000000000000000000000000000000000000000000000000000000000000000000000 0000000000000000000000000 00000000000000000000000000000 000000000000000000000000000000 0000000000000000000000000000000 00000010000000 000000000 
000000000000000000000000000000000 0000000000000000000000000000000000000000000000000000000000000000000000000000000 0000000000000000000000000 00000000000000000000000000000 000000000000000000000000000000 0000000000000000000000000000000 10000000000000 000000000 
000000000000000000000000000000000 0000000000000000000000000000000000000000000000000000000000000000000000000000000 0000000000000000000000000 00000000000000000000000000000 000000000000000000000000000000 0000000000000000000000000000000 00000000010000 000000000 
000000000000000000000000000000000 0000000000000000000000000000000000000000000000000000000000000000000000000000000 0000000000000000000000000 00000000000000000000000000000 000000000000000000000000000000 0000000000000000000000000000000 10000000000000 000000000 
000000000000000000000000000000000 0000000000000000000000000000000000000000000000000000000000000000000000000000000 0000000000000000000000000 00000000000000000000000000000 000000000000000000000000000000 0000000000000000000000000000000 10000000000000 000000000 
000000000000000000000000000000000 0000000000000000000000000000000000000000000000000000000000000000000000000000000 0000000000000000000000000 00000000000000000000000000000 000000000000000000000000000000 0000000000000000000000000000000 00100000000000 000000000 
000000000000000000000000000000000 0000000000000000000000000000000000000000000000000000000000000000000000000000000 0000000000000000000000000 00000000000000000000000000000 000000000000000000000000000000 0000000000000000000000000000000 10000010000000 000000000 
000000000000000000000000000000000 0000000000000000000000000000000000000000000000000000000000000000000000000000000 0000000000000000000000000 00000000000000000000000000000 000000000000000000000000000000 0000000000000000000000000000000 00000000001000 000000000 
000000000000000000000000000000000 0000000000000000000000000000000000000000000000000000000000000000000000000000000 0000000000000000000000000 00000000000000000000000000000 000000000000000000000000000000 0000000000000000000000000000000 10000000010000 000000000 
000000000000000000000000000000000 0000000000000000000000000000000000000000000000000000000000000000000000000000000 0000000000000000000000000 00000000000000000000000000000 000000000000000000000000000000 0000000000000000000000000000000 10000000000000 000000000 
000000000000000000000000000000000 0000000000000000000000000000000000000000000000000000000000000000000000000000000 0000000000000000000000000 00000000000000000000000000000 000000000000000000000000000000 0000000000000000000000000000000 10000001000000 000000000 
000000000000000000000000000000000 0000000000000000000000000000000000000000000000000000000000000000000000000000000 0000000000000000000000000 00000000000000000000000000100 000000000000000000000000000000 0000000000000000000000000000000 00001000000001 000000000 
000000000000000000000000000000000 0000000000000000000000000000000000000000000000000000000000000000000000000000000 0000000000000000000000000 00000000000000000000000000000 000000000000000000000000000000 0000000000000000000000000000000 00000000000001 000000000 
000000010000000000000000000000000 0000000000000000000000000000000000000000000000000000000000000000000000000000000 0000000000000000000000000 00000000000000000000000000000 000000000000100000000000000000 0000000000000000000000000000000 00000000010000 000000000 
000000000000000000000000000000000 0000000000000000000000000000000000000000000000000000000000000000000000000000000 0000000000000000000000000 00000000000000000000000000000 000000000000000000000000000000 0000000000000000000000000000000 10000000000001 000000000 
000010000000000000000000000000000 0000000000000000000000000000000000000000000000000000000000000000000000000000000 0000000000000000000000000 00000000000000000000000000000 001000000000000000000000000000 0000000000000000000000000000000 00000010000011 000000000 
000000000000000000000000000000000 0000000000000000000000000000000000000000000000000000000000000000000000000000000 0000000000000000000000000 00000000000000000000000000000 000000000000000000000000000000 0000000000000000000000000000000 10000000000001 000000000 
000010010000000000001000000000000 0000000000000000000000000000000000000000000000000000000000000000000000000000000 0000000000000000000000000 00000000000000000000000000000 000000000000000000000000000000 0000000000000000000000000000000 10000000000000 000000000 
000000000000000000000000000000000 0000000000000000000000000000000000000000000000000000000000000000000000000000000 0000000000000000000000000 00000000000000000000000000000 000000000000000000000000000000 0000000000000000000000000000000 10000000000001 000000000 
000000000000000000000000000000000 0000000000000000000000000000000000000000000000000000000000000000000000000000000 0000000000000000000000000 10000000000000000000000000000 000000000000000000000000000000 0000000000000000000000000000000 10000000000001 000000000 
000000000000000000000000000000000 0000000000000000000000000000000000000000000000000000000000000000000000000000000 0000000000000000000000000 00000000000000000000000000000 000000000000000000000000000000 0000000000000000000000000000000 00000010000001 000000000 
000000000000000000000000000000000 0000000000100000000000000000000000000000000000000000000000000000000000000000000 0000000000000000000000000 00000000000000000000000000000 000000000000000000000000000000 0000000000000000000000000010000 10000000000000 000000000 
000000000000000000000000000000000 0000000000000000000000000000000000000000000000000000000000000000000000000000000 0000000000000000000000000 00000000000000000000000000000 000000000000000000000000000000 0000000000000000000001000000000 10000000000000 000000000 
000000000000000000000000000000000 0000000000000000000000000000000000000000000000000000000000000000000000000000000 0000000000000000000000000 00000000000000000000000000000 000000000000000000000000000000 0000000000000000000000000000000 10000000000001 000000000 
000010000000000000001000000000000 0000000000000000000000000000000000000000000000000000000000000000000000000000000 0000000000000000000000000 00000000000000000000000000000 000000000000000000000000000000 0000000000000000000000000000000 10000000000000 000000000 
000000000000000000000000000000000 0000000000000000000000000000000000000000000000000000000000000000000000000000000 0000000000000000000000000 00000000000000000010000000000 000000000000000000000000000000 0000000000000000000000000000000 00000000100000 000000000 
000000000000000010000000000000000 0000000000000000000000000000000000000000000000000000000000000000000000000000000 0000000000000000000000000 00000000000000000000000000000 000000000000000000000000000000 0000000000000000000000000000000 10000000000000 000000000 
000000000000000000000000000000000 0000000000000000000000000000000000000000000000000000000000000000000000000000000 0000000000000000000000000 00000000000000000000000000000 000000000000000000000000000000 0000000000000000000000000010000 10000000000000 000000000 
000000000000000000000000000000000 0000000000000000000000000000000000000000000000000000000000000000000000000000000 0000000000000000000000000 00000000000000000000000000000 000000000000000000000000000000 0000000000000000000000000000000 01000000000001 000000000 
000010000000000000000000000000000 0000000000000000000000000000000000000000000000000000000000000000000000000000000 0000000000000000000000000 00000000000000000000000000000 000000000001000000000000000000 0000000000000000000000000010000 00000000100010 000000000 
000000000000000000000000000000000 0000000000000000000000000000000000000000000000000000000000000000000000000000000 0000000000000000000000000 00000000000000000010000000000 000000000000000000000000000000 0000000000000000000000000000000 00000010000000 000000000 
000000000000000000000000000000000 0000000000000000000000000000000000000000000000000000000000000000000000000000000 0000000000000000000000000 00000000000000000000000000000 000000000000000000000100000000 0000000000000000000000000000000 10000000000000 000000000 
000010000000000000000000000000000 0000000000000000000000000000000000000000000000000000000000000000000000000000000 0000000000000000000000000 00000000000000000000000000000 000000000000000000000000000000 0000000000100000000000000000000 10000000000000 000000000 
000100000000000000000010001000000 0000000000000000000000000000000000000000000000000000000000000000000000000000000 0000000000000000000000000 00010000000000000000000000000 000000000000000000000000000000 0000000000000000000000000000000 10000000100000 000000000 
000000000000000000000000000000000 0000000000000000000000000000000000000000000000000000000000000000000000000000000 0000000000000000000000000 00000000000000000000000000000 000000000000000000000000000000 0000000000000000000000000000000 00000000000011 000000000 
000000000000000000000000000000000 0000000000000000000000000000000000000000000000000000000000000000000000000000000 0000000000000000000000000 00000000000000000000000000000 000000000000000000000000000000 0000000000000000000000000000000 10000000000010 000000000 
000000000000000000000000000000000 0000000000000000000000000000000000000000000000000000000000000000000000000000000 0000000000000000000000000 00000000000000000000000000000 000000000000000000000000000000 0000000000000000000000000000000 00000000000010 000000000 
000000000000000000000000000000000 0000000000000000000000000000000000000000000000000000000000000000000000000000000 0000000000000000000000000 00000000000000000000000000000 000000000000000000000000000000 0000000000000000000000000000000 10000000000001 000000000 
000000000000000000000000000000000 0000000000000000000000000000000000000000000000000000000000000000000000000000000 0010000000000010000000000 00000000000000000000000000000 000000000000100000000000000000 0000000000000000000000000000000 00000000000010 000000000 
000000000000000000000000000000000 0000000000010000000000000000000010000000000000000000000000000000000000000000000 0000000000000000100000000 00000000000000000000000000000 000000000100000000000000000000 0000000000000000001001000000000 00000000000010 000000000 
000000000000000000000000000000000 0000000000000000000000000000000000000000000000000000001000000000000000000000000 0000000000000000000000000 00000000000000000000000000000 000000000000000000000000000000 0000000000000000000000000000000 10000000000000 000000000 
000000000000000000000000000000000 0000000000000000000000000000000000000000000000000000000000000000000000000000000 0000000000010000000000000 00000000000000000000000000000 000000000000000000000000000000 0000000000000000000000000000000 10000000000001 000000000 
000000010000000000000000000000000 0000000000000000000000000000000000000000000000000000000000000000000000000000000 0000000000000000000000000 00000000000000000000000000000 000001000000000000000000000000 0000000000000000000000000000000 00000010000000 000000000 
000000000000000000000000000000000 0000000000000000000000000000000000000000000000000000000000000000000000000000000 0000000000000000000000000 00000000000000000000000000000 000000000000000000000000000000 0000000000000000000000000000000 00000000010001 000000000 
000010000000000000000000000000000 0000100000000000000000000000000000000000000000000000000000000000000000000000000 0000000000000000000000000 00000000000000000000000000000 000000000000000000000000000000 0000000000000000000000000000000 00000000100000 000000000 
000000000000000000000000000000000 0000000000000000000000000000000000000000000000000000000000000000000000000000000 0000001000010000000000000 00000000000000000000000000000 000000000000000000000000000000 0000000000000000000000000000000 00000000100000 000000000 
000000000001000000000000000000000 0000000000000000000000000000000000000000000000000000000000000000000000000000000 0000000000000000000000000 00000000000000000000000000000 000000000000000000000000000000 0000000000000000000000000000000 00000000100000 000000000 
000000000000000000000000000000000 0000000000000000000000000000000000000000000000000000000000000000000000000000000 0000000000000000000000000 00000000000000000000000001000 100000000000000000000000000000 0000000000000000000000000000000 10000000000000 000000000 
000000000000000000000000000000000 0000000000000000000000000000000000000000000000000000000000000000000000000000000 0000000000000000000000000 00000000000000000000000000000 100000000000000000000000000000 0000000000000000000000000000000 10000000000000 000000000 
000000000000000000000000000000000 0000000000000000000000000000000000000000000000000000000000000000000000000000000 0000001000000000000001000 00000000000000000000000000000 000000000000000000000000000000 0000000000000000000000000000000 00100000000000 000000000 
000000000000000000000000000000000 0000000000000000000000000000000000000000000000000000000000000000000000000000000 0010000100000000000000001 00000000000000000000000000000 001000000000000000000000000000 0000000000000000000000000000000 10000000000000 000000000 
000000010000000000000000000000000 0000000000000000000000000000000000000000000000000000000000000000000000000000000 0000000000000000000000000 00000000010000000000000000000 001000000000000000000000000000 0000000000000000000000000000000 00000000000010 000000000 
000000000000000000000000000000000 0000000000000000000000000000000000000000000000000000000000000000000000000000000 0000000000000000000000000 00000000000000000000000000000 000000000000000000000000000000 0000000000000000000000000000000 10000000000001 000000000 
000000000000000000000000000000000 0000000000000000000000000000000000000000000000000000000000000000000000000000000 0000000000000000000000000 00000000000000000000000000000 000000000000000000000000000000 0000000000000000000000000000000 10000100000001 000000000 
000000000000000000000000000000000 0000000000000000000000000000000000000000000000000000000000000000000000000000000 0000000000000000000000000 00000000000000000000000000000 000000000000000000000000000000 0000000000000000000000000000000 00000000010001 000000000 
000000000000000000000000000000000 0000000000000000000000000000000000000000000000000000000000000000000000000000000 0001000001000000000000000 00000000000000000000000000000 001000000000000000000000000000 0000000000000000000000000000000 10001000000000 000000000 
000000000000000000000000000000000 0000000000000000000000000000000000000000000000000000000000000000000000000000000 0000001000000000000000000 00000000000000000000000000000 000000000000000000000000000000 0000000000100000000000000000000 00010000010000 000000000 
000000000000000000000000000000000 0000000000000000000000000000000000000000000000000000000000000000000000000000000 0000000000000000000000000 00000000000000000000100000000 000000000000000000000000000000 0000000000000000000000000000000 00100010001011 000000000 
000000001000000010000000000000000 0000000000000000000000000000000000000000000000000000000000000000000000000000000 0000000000000000000000000 00000000000000000000000000000 000000000000000000000000000000 0000000000000000000000000000000 00000010000001 000001000 
000000000010000000000000000000000 0000000000000000000000000000000000000000000000000000000000000000000000000000000 0000000000000000000000000 00000000000000000001000000000 000001000000000000000000000000 0000000000000000000000000000000 00000001100010 000000000 
000000000000000000000000000000000 0000000000000000000000000000000000000000000000000000000000000000000000000000000 0000000000000000000000001 00100000000000000000000000000 000000000000000000000000000000 0000000000000000000000000000000 10100000100001 000000000 
000000000000000001000000000000000 0000000000000000000000000000000000000000000000000000000000000000000000000000000 0000000000000000000000000 00000000000000000000000000000 000000000000000000000000000000 0000000000000000000000000000000 10000000000010 000000000 
000000000000000000000000000000000 0000000000000000000000000000000000000000000000000000000000000000000000000000000 0000000000000000000000000 00000000000000000000000000000 000000000000000000000001000000 0000000000000000000000000000000 10000000000000 000000000 
000000000000000000000000000000000 0000000000000000000000000000000000000000000000000000000000000000000000000000000 0000000000000000000000000 00000000000000000000000000000 000000000000000000000000000100 0000000000000000000000000000000 00001000000010 000000000 
000000000000000000000000000000000 0000000000000000000000000000000000000000000000000000000000000000000000000000000 0000000000001000000000000 00000000000000000000000000000 000000000000000000000000000000 0000000000000000000000000000000 01000000100000 000000000 
000000000000000000000000000000000 0000000000000000000000000000000000000000000000000000000000000000000000000000000 0000010000000000000000000 00000000000000000000000000000 000000000000000000000000001000 0000000000000000000000000000000 10001110000000 000010000 
000000000000000000000000000000000 0000000000000000000000000000000000000000000000000000000000000000000000000000000 0000000000000000000000000 00000000000000000000000000100 000000000000100000000000000000 0000000000000000000000000000000 10101000100010 000000000 
000000010000000000000000000000001 0000000000000000000000000000000000000000000000000000000000000000000000000000000 0000000000000000000000000 00000000000000000010000000000 000001000000000000000000000000 0000000000000000001000000000000 10001000100000 000000000 
000000000000000000000000000000000 0000000000000000000000000000000000000000000000000000000000000000000000000000000 0010010000000000000000000 00000000000000000000000000000 000000000000000000000000000000 0000000000000000000000000000000 10000010100010 000000000 
000000010000000000000000000000000 0000000000000000000000000000000000000000000000000000000000000000000000000000000 0000000000000000000000000 00100000000000000000000000000 000000000000000000000001000000 0000000100000000000000000000000 10000010100001 000000000 
